This is a cache of all of the repositories I own, have contributed to, or am a member of.

repository (hashed)  total commits  my commits  LOC added by me  LOC deleted by me
         \                \                \           \____________    \
          \                \                \_____________________  \    \
           \                \___________________________________  \  \    \
____________\___________________________________________________\__\__\____\___
1978fc2d5ed0aa0da30936d864df660e5ae8a5a4530fa0d8c477e328840699b1 55 55 1177 554
a95769593d0f3fc5bae96fc6cd0533553feb7fb7abbd4fff66a57937f1c5b4d5 36 36 163 100
e6ac94e213b71a16742131f13303a65e5877ae4c2e97306d38014943e1e60b7c 14 14 151 79
c3505888e8f834a1b48e3cf25d92ab8b180f841ffb3b7ea40e70ebc14382abd8 95 93 3246 2028
987c0178731ff0ea2528a100d03dfc3cf5d3dc7a96a47c2b3f3323b595b64afd 4 0 0 0
e0ca65d69b0ee5492063c6771df913c338e40a273a33481201264cccd4c8f607 96 96 2381 1158
1c169d315e71f43b4165b3b9a9cc5ce78391d0f4f3a3d5f728b879431392ce86 6 6 1230 9
7178b4cc1cdd8badc138da61f452eaab5c39a29f188f80ed3f9d3ee3cc07a9c1 4 0 0 0
560a830c75f5c091178b453f78aadad6748af1d1e56ecf1d5c4b84aaee4866cc 2 2 499 0
92229c9ecd35814b00eefadb57558a83b3fe533fcf79665e2150fa541af45ae3 2 2 478 8
73d362ace4ac92fadc26b95b1d11b53cbbfd93f478fc94d5883523e3f133d6b2 4848 0 0 0
4fc784a466d937a103328e6f189ae04d11802c8f482daef1be3cc9a10edc0e59 18 18 19821 3999
842e1743879fc3975c84a5938807a15c86322367630dd46db76654d41c570984 1 1 784764 0
0d15542078c044861ed6148c3c824cf37659f35415d553071c021422a67d648d 5 5 785 179
95b58cd1afa736492130c95cabff7220b8a1e9b7e424a7ef9ea379dbb43b19e9 272 8 68 40
37032466b0111a9f80f9a1433fecb073bfdf0c194dcaa20e02abbdf6002c8601 1 1 247 0
1ac0f40b75bc9730dd0744b17d3ea3a1af0b9363cecef04855cb9bf1c1459dcc 3 3 2467 186
a43c55e39c3716616d376c12db46be71c2947720cd01bf174b7504512a4e47dc 1 1 597 0
6aaa078372718f7a7ec53ed4d2c595538eb81541f4818c2f84cd6d4e4a315f58 1 1 1295 0
5e3f876a0942ef91519b4e37a6a1b1fb01cb8ff44d7af85dc518ee404eccba6f 2 2 637 3
7f42798835b9d0b44773fdc7304e66d5889cd9ef85536c18b6eedd45de7988ae 72 7 237 130
2ef38208776a1486492142511cb17248fa94ef2bd9fc563e9e32c33f95f7cd5f 32 0 0 0
74cbd9bbbe2bfa4dd710747ff09bf8791b92d8419e7c2cfdd4327ae63c80d5c2 1 1 3809 0
a5b63d9fe8520ed1eda8fa0f60d706c84212f7e340a5f82c624e9aa5a07951c7 68 0 0 0
83a0bc735e288dca446b5df66ee7fc0fea3ee2c8f061b91cce4f4c3213a1d633 207 21 2676 6403
5b08f7065d31bcd9d7d065b7682683a8b52bddaf4ec49f0e9b8c1f37c716f31c 214 24 2781 6419
6c52a76d2b04f4508001c72d2744b5cc22d8e709b9fd99a11933683be4d80cb9 7 0 0 0
e5164b9f1886082bdf0a5a5704b66be0c76c031f72980972a13b4659e59ad42f 8 1 694 759
24f5a44e38437a0f5bc8745ab9636f471b8cc1539e38836cfde52ea63e9f8c3d 87 12 56257 34444
9de29da96a17a11bbedc9b665f3c011af5933e1079f98e8c68ebd6c1175e66a8 87 12 56257 34444
e451cbb44d9d8c502e9a4f7b1313802560e4085e6da1426ee6b1fddeb1cf03d1 159 13 3056 1164
8b57b84070a918d506cdd93f85457de74f23f99614b63c530e96865c9c70de7e 159 13 3056 1164
dea269d4c03a903f0b2ae8b1271fe3682555267a34135b12bbec989c5be7b88e 15 0 0 0
cfecae8ce07d8cfee7a886601d04e351f151818cf96e489b464e438d67321182 25 0 0 0
abf4a6c49ae04bda4889f3aacccd136b9473ce603bed310a9a38f78504134749 15 0 0 0
b9548f2a136ebf73bc355d0c614c1b7ced63b3b6e710861f5559b5a86e0c1659 3 3 792 2
c2a664180291768a99ae6b23d7569a0524be7846afc0f67cb9975586d9de0a65 148 3 581 130
09340c3ef66128f3c8862ca78467752977e8100635d7097cd19a367d97f3b119 5 2 499 44
c22582ef84dead9f58e62ed102236258546f9d447dc33f44ff0a81cf7d4214ef 3014 606 99920 63652
663c950d233c4d43ca91719a77de1d31cd0bfba2a48a32dca8c289020af4f9b2 11 0 0 0
301b91d1eed83afe9696f4b2c32f52f8d8c464018cf51f7ec6cb1ce17f36a975 10 1 360 5
1369989c042dceeb2db938f99c12e0cbbead4874f2976be6f79cb57d1abc48b2 3 3 9 2
45569335d4132d561c69f58c4cf324f0386f5088465fff7b542e6f2a786aedcf 19 0 0 0
39728f1182aa262614888c26cbf93d36a22df2cff521b26b254fab4b52a371ef 143 0 0 0
87c9070c783ba9a858ddde80023c4f62f499a4cd1e0e055974d98678df8d36c1 1 1 687 0
9443819cd6dee7fd58e5607d33bef377eeb98cdf807a521425dd29c019977f4d 19 19 1828 235
dd5434f55a182de69bb50851d06cd08b8bcb9c2b6c2cba5ecd04dc6988a33aa3 9 9 11896 1349
171374b23c662c2043121ed25a908bc13b478c78710d36dcef38fea0778eae42 4 0 0 0
876014113627d03cdb08edcfb6c41bbff143e884d0eecd93c1002d3ccb1e1af4 628 15 1318 445
4049ba734f7974f017bd0eaf32322fffb4ec07bc6568c6867a485f012748b374 1 1 1244 0
211c088e8978646fae19c5f8d5e1a17a7d5ce007916445750dbec3706214fcf6 87 0 0 0
a81deab2ca0122d7002684736fe6b7ffc3cc6a530ed4b51e1c336b93fb1a0c3e 1 1 16179 0
e8879adf935be9ea1542e4c8bf7ca5fba3cfcab6acae9c63e8e3e82192d59fc8 1 0 0 0
53f2f51898c5735449e628fa9845368a281cf4fced678f97950bec2ce39195b3 28 5 143 80
c160cf1e588c7aa7b12a7e7777e5a705446cac4a6a8eab7b706252a6859fdea7 3 1 6 6
23f7ec4053d0717f485456c277c7db8f8b9ab022399341d1f6e9614459951b11 30 0 0 0
683f05c54e56e509052d981702ee2b9457654cddef8dd4b0407af666e220a876 17 0 0 0
fab8f02f63fb4878c10fdae44cc88e1c7322bb4ce99821edaeb542b3f8d667c7 4011 1489 526308 385705
41f1b9776b5a8e616b56f83c7771d5c2e81cd95a6a979053fa3205e907aeb17b 4 4 10542 235
7b4d34d6263cac9413b5d202c74e4269f7c63e7f180407623a56201499cea33c 1 0 0 0
be53c996947151652ded5dceeed4d1dc2a0fb336c453f7794f0e748ba3a3196a 32 0 0 0
66676e1e2240c56edf6ad3a79d934fe5186996165ea5c3d43a12cb1d6fd0710c 14 14 10210 6996
1c2ca3b7276d5fe6bf738414e254ef27c92f22d8cbaf722782bc4628e37488ed 6348 65 357012 11553
5dae2bdcc7a80bb0c4c2fac4468938bb76bb229a8ae1b1a5cabbd664bba68ee9 317 7 33647 296588
7daf74e340e3d133737433416515e5ab16d6a982ab7844f28729a464c2afbc6f 9 9 3663 500
637f5f4e914b054eef49400bc4b3f5534326b57b247300a96d0aebf75a6aeeb8 77085 0 0 0
f95d82dd3ae6a402d9ffa1bd9c0abd2d23f6e794868277c63d91ff58a247c173 410 0 0 0
5c8f39c726c43f27b4ec50d1e0e97ff8f046bf97c27afc6525e8592ca00ada48 1 1 11716 0
697f2d697ccfe6e01b97fad28a96afb94502601d0adb546ffe3fc94835cbfd06 2649 0 0 0
